                  shell  command  set_fact  template   file  gather_facts   copy  service  debug   fail
acc               0.808    0.752     0.699     0.752  0.787         0.927  0.768    0.794  0.912  0.658
precision         0.863    0.680     0.634     0.669  0.711         0.906  0.681    0.683  0.852  0.935
recall            0.718    0.891     1.000     0.970  0.970         0.954  1.000    0.990  1.000  0.358
f1-score          0.784    0.771     0.776     0.792  0.821         0.929  0.811    0.808  0.920  0.518
precision_neg_cl  0.772    0.866     1.000     0.951  0.952         0.950  1.000    0.988  1.000  0.591
recall_neg_cl     0.893    0.629     0.372     0.547  0.604         0.899  0.538    0.641  0.823  0.974
f1_score_neg      0.828    0.729     0.543     0.694  0.739         0.924  0.700    0.777  0.903  0.735
matthews          0.623    0.533     0.486     0.566  0.617         0.855  0.606    0.650  0.837  0.418
roc_auc           0.917    0.859     0.918     0.915  0.939         0.981  0.952    0.931  0.966  0.891
